STATION           DATE     TAVG     TMAX     TMIN     
----------------- -------- -------- -------- -------- 
GHCND:USW00094995 20180101 -9999    1        -20      
GHCND:USW00094995 20180102 -9999    25       -13      
GHCND:USW00094995 20180103 -9999    25       -1       
GHCND:USW00094995 20180104 -9999    22       -4       
GHCND:USW00094995 20180105 -9999    18       3        
GHCND:USW00094995 20180106 -9999    20       0        
GHCND:USW00094995 20180107 -9999    37       19       
GHCND:USW00094995 20180108 -9999    49       18       
GHCND:USW00094995 20180109 -9999    52       35       
GHCND:USW00094995 20180110 -9999    55       34       
GHCND:USW00094995 20180111 -9999    37       6        
GHCND:USW00094995 20180112 -9999    12       -1       
GHCND:USW00094995 20180113 -9999    16       9        
GHCND:USW00094995 20180114 -9999    34       13       
GHCND:USW00094995 20180115 -9999    21       -2       
GHCND:USW00094995 20180116 -9999    15       -3       
GHCND:USW00094995 20180117 -9999    30       -2       
GHCND:USW00094995 20180118 -9999    41       17       
GHCND:USW00094995 20180119 -9999    51       28       
GHCND:USW00094995 20180120 -9999    50       19       
GHCND:USW00094995 20180121 -9999    41       36       
GHCND:USW00094995 20180122 -9999    36       26       
GHCND:USW00094995 20180123 -9999    28       20       
GHCND:USW00094995 20180124 -9999    45       13       
GHCND:USW00094995 20180125 -9999    54       19       
GHCND:USW00094995 20180126 -9999    56       28       
GHCND:USW00094995 20180127 -9999    49       22       
GHCND:USW00094995 20180128 -9999    30       14       
GHCND:USW00094995 20180129 -9999    29       8        
GHCND:USW00094995 20180130 -9999    49       19       
GHCND:USW00094995 20180131 -9999    49       26       
GHCND:USW00094995 20180201 -9999    33       3        
GHCND:USW00094995 20180202 -9999    36       2        
GHCND:USW00094995 20180203 -9999    52       25       
GHCND:USW00094995 20180204 -9999    25       -5       
GHCND:USW00094995 20180205 -9999    19       -1       
GHCND:USW00094995 20180206 -9999    10       -3       
GHCND:USW00094995 20180207 -9999    18       -4       
GHCND:USW00094995 20180208 -9999    28       12       
GHCND:USW00094995 20180209 -9999    21       7        
GHCND:USW00094995 20180210 -9999    10       4        
GHCND:USW00094995 20180211 -9999    26       -2       
GHCND:USW00094995 20180212 -9999    21       -6       
GHCND:USW00094995 20180213 -9999    43       20       
GHCND:USW00094995 20180214 -9999    48       19       
GHCND:USW00094995 20180215 -9999    46       22       
GHCND:USW00094995 20180216 -9999    35       11       
GHCND:USW00094995 20180217 -9999    50       22       
GHCND:USW00094995 20180218 -9999    58       29       
GHCND:USW00094995 20180219 -9999    34       20       
GHCND:USW00094995 20180220 -9999    22       9        
GHCND:USW00094995 20180221 -9999    26       4        
GHCND:USW00094995 20180222 -9999    30       21       
GHCND:USW00094995 20180223 -9999    31       18       
GHCND:USW00094995 20180224 -9999    30       22       
GHCND:USW00094995 20180225 -9999    48       17       
GHCND:USW00094995 20180226 -9999    58       24       
GHCND:USW00094995 20180227 -9999    65       29       
GHCND:USW00094995 20180228 -9999    45       26       
GHCND:USW00094995 20180301 -9999    51       20       
GHCND:USW00094995 20180302 -9999    60       22       
GHCND:USW00094995 20180303 -9999    72       36       
GHCND:USW00094995 20180304 -9999    68       43       
GHCND:USW00094995 20180305 -9999    52       33       
GHCND:USW00094995 20180306 -9999    35       25       
GHCND:USW00094995 20180307 -9999    38       17       
GHCND:USW00094995 20180308 -9999    45       12       
GHCND:USW00094995 20180309 -9999    53       26       
GHCND:USW00094995 20180310 -9999    55       29       
GHCND:USW00094995 20180311 -9999    39       31       
GHCND:USW00094995 20180312 -9999    51       18       
GHCND:USW00094995 20180313 -9999    50       17       
GHCND:USW00094995 20180314 -9999    69       19       
GHCND:USW00094995 20180315 -9999    69       28       
GHCND:USW00094995 20180316 -9999    48       33       
GHCND:USW00094995 20180317 -9999    39       33       
GHCND:USW00094995 20180318 -9999    42       34       
GHCND:USW00094995 20180319 -9999    45       34       
GHCND:USW00094995 20180320 -9999    42       29       
GHCND:USW00094995 20180321 -9999    56       20       
GHCND:USW00094995 20180322 -9999    68       40       
GHCND:USW00094995 20180323 -9999    59       41       
GHCND:USW00094995 20180324 -9999    42       33       
GHCND:USW00094995 20180325 -9999    39       31       
GHCND:USW00094995 20180326 -9999    41       38       
GHCND:USW00094995 20180327 -9999    53       34       
GHCND:USW00094995 20180328 -9999    60       29       
GHCND:USW00094995 20180329 -9999    50       31       
GHCND:USW00094995 20180330 -9999    60       25       
GHCND:USW00094995 20180331 -9999    54       24       
GHCND:USW00094995 20180401 -9999    33       19       
GHCND:USW00094995 20180402 -9999    31       17       
GHCND:USW00094995 20180403 -9999    38       17       
GHCND:USW00094995 20180404 -9999    45       12       
GHCND:USW00094995 20180405 -9999    64       25       
GHCND:USW00094995 20180406 -9999    39       16       
GHCND:USW00094995 20180407 -9999    42       7        
GHCND:USW00094995 20180408 -9999    43       28       
GHCND:USW00094995 20180409 -9999    40       24       
GHCND:USW00094995 20180410 -9999    67       20       
GHCND:USW00094995 20180411 -9999    77       42       
GHCND:USW00094995 20180412 -9999    75       36       
GHCND:USW00094995 20180413 -9999    83       46       
GHCND:USW00094995 20180414 -9999    49       25       
GHCND:USW00094995 20180415 -9999    33       22       
GHCND:USW00094995 20180416 -9999    49       24       
GHCND:USW00094995 20180417 -9999    61       27       
GHCND:USW00094995 20180418 -9999    45       33       
GHCND:USW00094995 20180419 -9999    60       22       
GHCND:USW00094995 20180420 -9999    66       31       
GHCND:USW00094995 20180421 -9999    53       42       
GHCND:USW00094995 20180422 -9999    71       32       
GHCND:USW00094995 20180423 -9999    75       31       
GHCND:USW00094995 20180424 -9999    75       32       
GHCND:USW00094995 20180425 -9999    58       35       
GHCND:USW00094995 20180426 -9999    72       30       
GHCND:USW00094995 20180427 -9999    81       31       
GHCND:USW00094995 20180428 -9999    70       28       
GHCND:USW00094995 20180429 -9999    77       43       
GHCND:USW00094995 20180430 -9999    86       60       
GHCND:USW00094995 20180501 -9999    84       63       
GHCND:USW00094995 20180502 -9999    63       47       
GHCND:USW00094995 20180503 -9999    67       47       
GHCND:USW00094995 20180504 -9999    82       46       
GHCND:USW00094995 20180505 -9999    86       45       
GHCND:USW00094995 20180506 -9999    87       46       
GHCND:USW00094995 20180507 -9999    86       46       
GHCND:USW00094995 20180508 -9999    88       57       
GHCND:USW00094995 20180509 -9999    85       56       
GHCND:USW00094995 20180510 -9999    87       51       
GHCND:USW00094995 20180511 -9999    67       48       
GHCND:USW00094995 20180512 -9999    62       51       
GHCND:USW00094995 20180513 -9999    78       53       
GHCND:USW00094995 20180514 -9999    78       58       
GHCND:USW00094995 20180515 -9999    79       53       
GHCND:USW00094995 20180516 -9999    85       49       
GHCND:USW00094995 20180517 -9999    87       51       
GHCND:USW00094995 20180518 -9999    80       55       
GHCND:USW00094995 20180519 -9999    64       53       
GHCND:USW00094995 20180520 -9999    58       53       
GHCND:USW00094995 20180521 -9999    76       53       
GHCND:USW00094995 20180522 -9999    89       58       
GHCND:USW00094995 20180523 -9999    92       64       
GHCND:USW00094995 20180524 -9999    90       66       
GHCND:USW00094995 20180525 -9999    95       63       
GHCND:USW00094995 20180526 -9999    99       65       
GHCND:USW00094995 20180527 -9999    96       65       
GHCND:USW00094995 20180528 -9999    95       65       
GHCND:USW00094995 20180529 -9999    85       61       
GHCND:USW00094995 20180530 -9999    85       60       
GHCND:USW00094995 20180531 -9999    92       61       
GHCND:USW00094995 20180601 -9999    93       61       
GHCND:USW00094995 20180602 -9999    79       60       
GHCND:USW00094995 20180603 -9999    83       52       
GHCND:USW00094995 20180604 -9999    78       54       
GHCND:USW00094995 20180605 -9999    90       62       
GHCND:USW00094995 20180606 -9999    93       66       
GHCND:USW00094995 20180607 -9999    84       65       
GHCND:USW00094995 20180608 -9999    90       61       
GHCND:USW00094995 20180609 -9999    89       64       
GHCND:USW00094995 20180610 -9999    90       71       
GHCND:USW00094995 20180611 -9999    93       64       
GHCND:USW00094995 20180612 -9999    85       62       
GHCND:USW00094995 20180613 -9999    80       55       
GHCND:USW00094995 20180614 -9999    95       67       
GHCND:USW00094995 20180615 -9999    97       77       
GHCND:USW00094995 20180616 -9999    97       77       
GHCND:USW00094995 20180617 -9999    91       74       
GHCND:USW00094995 20180618 -9999    92       71       
GHCND:USW00094995 20180619 -9999    86       66       
GHCND:USW00094995 20180620 -9999    78       62       
GHCND:USW00094995 20180621 -9999    69       60       
GHCND:USW00094995 20180622 -9999    69       58       
GHCND:USW00094995 20180623 -9999    84       58       
GHCND:USW00094995 20180624 -9999    87       65       
GHCND:USW00094995 20180625 -9999    78       64       
GHCND:USW00094995 20180626 -9999    82       61       
GHCND:USW00094995 20180627 -9999    87       59       
GHCND:USW00094995 20180628 -9999    90       73       
GHCND:USW00094995 20180629 -9999    96       79       
GHCND:USW00094995 20180630 -9999    88       67       
GHCND:USW00094995 20180701 -9999    82       61       
GHCND:USW00094995 20180702 -9999    87       60       
GHCND:USW00094995 20180703 -9999    93       69       
GHCND:USW00094995 20180704 -9999    92       68       
GHCND:USW00094995 20180705 -9999    84       67       
GHCND:USW00094995 20180706 -9999    85       63       
GHCND:USW00094995 20180707 -9999    89       65       
GHCND:USW00094995 20180708 -9999    89       63       
GHCND:USW00094995 20180709 -9999    92       66       
GHCND:USW00094995 20180710 -9999    93       63       
GHCND:USW00094995 20180711 -9999    94       72       
GHCND:USW00094995 20180712 -9999    95       73       
GHCND:USW00094995 20180713 -9999    88       69       
GHCND:USW00094995 20180714 -9999    87       62       
GHCND:USW00094995 20180715 -9999    91       61       
GHCND:USW00094995 20180716 -9999    87       68       
GHCND:USW00094995 20180717 -9999    79       65       
GHCND:USW00094995 20180718 -9999    84       64       
GHCND:USW00094995 20180719 -9999    89       66       
GHCND:USW00094995 20180720 -9999    83       61       
GHCND:USW00094995 20180721 -9999    86       60       
GHCND:USW00094995 20180722 -9999    85       60       
GHCND:USW00094995 20180723 -9999    86       62       
GHCND:USW00094995 20180724 -9999    85       54       
GHCND:USW00094995 20180725 -9999    84       57       
GHCND:USW00094995 20180726 -9999    83       57       
GHCND:USW00094995 20180727 -9999    80       53       
GHCND:USW00094995 20180728 -9999    77       62       
GHCND:USW00094995 20180729 -9999    79       60       
GHCND:USW00094995 20180730 -9999    81       56       
GHCND:USW00094995 20180731 -9999    82       52       
GHCND:USW00094995 20180801 -9999    88       54       
GHCND:USW00094995 20180802 -9999    89       60       
GHCND:USW00094995 20180803 -9999    94       69       
GHCND:USW00094995 20180804 -9999    85       67       
GHCND:USW00094995 20180805 -9999    92       71       
GHCND:USW00094995 20180806 -9999    86       67       
GHCND:USW00094995 20180807 -9999    86       65       
GHCND:USW00094995 20180808 -9999    89       63       
GHCND:USW00094995 20180809 -9999    94       61       
GHCND:USW00094995 20180810 -9999    87       60       
GHCND:USW00094995 20180811 -9999    89       59       
GHCND:USW00094995 20180812 -9999    92       58       
GHCND:USW00094995 20180813 -9999    92       66       
GHCND:USW00094995 20180814 -9999    74       65       
GHCND:USW00094995 20180815 -9999    81       65       
GHCND:USW00094995 20180816 -9999    85       62       
GHCND:USW00094995 20180817 -9999    87       61       
GHCND:USW00094995 20180818 -9999    87       60       
GHCND:USW00094995 20180819 -9999    72       66       
GHCND:USW00094995 20180820 -9999    74       64       
GHCND:USW00094995 20180821 -9999    75       57       
GHCND:USW00094995 20180822 -9999    76       52       
GHCND:USW00094995 20180823 -9999    75       58       
GHCND:USW00094995 20180824 -9999    89       65       
GHCND:USW00094995 20180825 -9999    92       58       
GHCND:USW00094995 20180827 -9999    92       74       
GHCND:USW00094995 20180828 -9999    82       56       
GHCND:USW00094995 20180829 -9999    77       48       
GHCND:USW00094995 20180830 -9999    85       59       
GHCND:USW00094995 20180831 -9999    85       65       
GHCND:USW00094995 20180901 -9999    89       66       
GHCND:USW00094995 20180902 -9999    81       66       
GHCND:USW00094995 20180903 -9999    80       67       
GHCND:USW00094995 20180904 -9999    76       69       
GHCND:USW00094995 20180905 -9999    78       65       
GHCND:USW00094995 20180906 -9999    77       61       
GHCND:USW00094995 20180907 -9999    67       62       
GHCND:USW00094995 20180908 -9999    74       58       
GHCND:USW00094995 20180909 -9999    75       49       
GHCND:USW00094995 20180910 -9999    80       56       
GHCND:USW00094995 20180911 -9999    82       58       
GHCND:USW00094995 20180912 -9999    83       59       
GHCND:USW00094995 20180913 -9999    84       65       
GHCND:USW00094995 20180918 -9999    91       67       
GHCND:USW00094995 20180919 -9999    93       66       
GHCND:USW00094995 20180920 -9999    93       65       
GHCND:USW00094995 20180921 -9999    67       45       
GHCND:USW00094995 20180922 -9999    72       39       
GHCND:USW00094995 20180923 -9999    81       50       
GHCND:USW00094995 20180924 -9999    78       56       
GHCND:USW00094995 20180925 -9999    66       44       
GHCND:USW00094995 20180926 -9999    70       41       
GHCND:USW00094995 20180927 -9999    78       51       
GHCND:USW00094995 20180928 -9999    56       46       
GHCND:USW00094995 20180929 -9999    50       45       
GHCND:USW00094995 20180930 -9999    52       49       
GHCND:USW00094995 20181001 -9999    56       49       
GHCND:USW00094995 20181002 -9999    74       51       
GHCND:USW00094995 20181003 -9999    93       47       
GHCND:USW00094995 20181004 -9999    57       38       
GHCND:USW00094995 20181005 -9999    56       46       
GHCND:USW00094995 20181006 -9999    51       44       
GHCND:USW00094995 20181007 -9999    52       44       
GHCND:USW00094995 20181008 -9999    58       51       
GHCND:USW00094995 20181009 -9999    53       46       
GHCND:USW00094995 20181010 -9999    48       39       
GHCND:USW00094995 20181011 -9999    52       35       
GHCND:USW00094995 20181012 -9999    47       36       
GHCND:USW00094995 20181013 -9999    64       36       
GHCND:USW00094995 20181014 -9999    49       31       
GHCND:USW00094995 20181015 -9999    45       26       
GHCND:USW00094995 20181016 -9999    69       33       
GHCND:USW00094995 20181017 -9999    67       32       
GHCND:USW00094995 20181018 -9999    71       39       
GHCND:USW00094995 20181019 -9999    75       43       
GHCND:USW00094995 20181020 -9999    61       29       
GHCND:USW00094995 20181021 -9999    72       29       
GHCND:USW00094995 20181022 -9999    70       36       
GHCND:USW00094995 20181023 -9999    63       30       
GHCND:USW00094995 20181024 -9999    61       33       
GHCND:USW00094995 20181025 -9999    52       44       
GHCND:USW00094995 20181026 -9999    63       40       
GHCND:USW00094995 20181027 -9999    74       35       
GHCND:USW00094996 20180101 -9999    3        -16      
GHCND:USW00094996 20180102 -9999    24       -9       
GHCND:USW00094996 20180103 -9999    26       4        
GHCND:USW00094996 20180104 -9999    22       0        
GHCND:USW00094996 20180105 -9999    18       5        
GHCND:USW00094996 20180106 -9999    25       1        
GHCND:USW00094996 20180107 -9999    41       21       
GHCND:USW00094996 20180108 -9999    47       22       
GHCND:USW00094996 20180109 -9999    51       36       
GHCND:USW00094996 20180110 -9999    56       34       
GHCND:USW00094996 20180111 -9999    37       6        
GHCND:USW00094996 20180112 -9999    12       0        
GHCND:USW00094996 20180113 -9999    15       8        
GHCND:USW00094996 20180114 -9999    37       14       
GHCND:USW00094996 20180115 -9999    25       -2       
GHCND:USW00094996 20180116 -9999    15       -3       
GHCND:USW00094996 20180117 -9999    28       2        
GHCND:USW00094996 20180118 -9999    40       15       
GHCND:USW00094996 20180119 -9999    50       28       
GHCND:USW00094996 20180120 -9999    49       20       
GHCND:USW00094996 20180121 -9999    40       36       
GHCND:USW00094996 20180122 -9999    36       24       
GHCND:USW00094996 20180123 -9999    30       21       
GHCND:USW00094996 20180124 -9999    45       17       
GHCND:USW00094996 20180125 -9999    54       23       
GHCND:USW00094996 20180126 -9999    54       33       
GHCND:USW00094996 20180127 -9999    48       25       
GHCND:USW00094996 20180128 -9999    31       13       
GHCND:USW00094996 20180129 -9999    31       8        
GHCND:USW00094996 20180130 -9999    49       18       
GHCND:USW00094996 20180131 -9999    48       32       
GHCND:USW00094996 20180201 -9999    36       6        
GHCND:USW00094996 20180202 -9999    36       6        
GHCND:USW00094996 20180203 -9999    52       24       
GHCND:USW00094996 20180204 -9999    24       -3       
GHCND:USW00094996 20180205 -9999    20       0        
GHCND:USW00094996 20180206 -9999    11       0        
GHCND:USW00094996 20180207 -9999    19       0        
GHCND:USW00094996 20180208 -9999    30       15       
GHCND:USW00094996 20180209 -9999    22       6        
GHCND:USW00094996 20180210 -9999    10       3        
GHCND:USW00094996 20180211 -9999    22       2        
GHCND:USW00094996 20180212 -9999    20       0        
GHCND:USW00094996 20180213 -9999    42       20       
GHCND:USW00094996 20180214 -9999    47       24       
GHCND:USW00094996 20180215 -9999    49       22       
GHCND:USW00094996 20180216 -9999    32       11       
GHCND:USW00094996 20180217 -9999    50       26       
GHCND:USW00094996 20180218 -9999    57       31       
GHCND:USW00094996 20180219 -9999    33       19       
GHCND:USW00094996 20180220 -9999    20       9        
GHCND:USW00094996 20180221 -9999    26       3        
GHCND:USW00094996 20180222 -9999    30       20       
GHCND:USW00094996 20180223 -9999    33       20       
GHCND:USW00094996 20180224 -9999    31       22       
GHCND:USW00094996 20180225 -9999    48       20       
GHCND:USW00094996 20180226 -9999    59       26       
GHCND:USW00094996 20180227 -9999    66       31       
GHCND:USW00094996 20180228 -9999    46       27       
GHCND:USW00094996 20180301 -9999    50       22       
GHCND:USW00094996 20180302 -9999    61       29       
GHCND:USW00094996 20180303 -9999    73       42       
GHCND:USW00094996 20180304 -9999    68       46       
GHCND:USW00094996 20180305 -9999    52       33       
GHCND:USW00094996 20180306 -9999    36       24       
GHCND:USW00094996 20180307 -9999    40       18       
GHCND:USW00094996 20180308 -9999    44       13       
GHCND:USW00094996 20180309 -9999    53       26       
GHCND:USW00094996 20180310 -9999    54       29       
GHCND:USW00094996 20180311 -9999    36       29       
GHCND:USW00094996 20180312 -9999    49       18       
GHCND:USW00094996 20180313 -9999    49       22       
GHCND:USW00094996 20180314 -9999    68       26       
GHCND:USW00094996 20180315 -9999    68       32       
GHCND:USW00094996 20180316 -9999    49       32       
GHCND:USW00094996 20180317 -9999    40       33       
GHCND:USW00094996 20180318 -9999    42       35       
GHCND:USW00094996 20180319 -9999    44       34       
GHCND:USW00094996 20180320 -9999    40       28       
GHCND:USW00094996 20180321 -9999    56       23       
GHCND:USW00094996 20180322 -9999    67       39       
GHCND:USW00094996 20180323 -9999    59       41       
GHCND:USW00094996 20180324 -9999    43       33       
GHCND:USW00094996 20180325 -9999    40       31       
GHCND:USW00094996 20180326 -9999    41       37       
GHCND:USW00094996 20180327 -9999    53       32       
GHCND:USW00094996 20180328 -9999    59       32       
GHCND:USW00094996 20180329 -9999    48       32       
GHCND:USW00094996 20180330 -9999    60       26       
GHCND:USW00094996 20180331 -9999    53       26       
GHCND:USW00094996 20180401 -9999    28       16       
GHCND:USW00094996 20180402 -9999    32       15       
GHCND:USW00094996 20180403 -9999    36       17       
GHCND:USW00094996 20180404 -9999    48       12       
GHCND:USW00094996 20180405 -9999    62       27       
GHCND:USW00094996 20180406 -9999    38       16       
GHCND:USW00094996 20180407 -9999    41       9        
GHCND:USW00094996 20180408 -9999    45       29       
GHCND:USW00094996 20180409 -9999    38       24       
GHCND:USW00094996 20180410 -9999    67       23       
GHCND:USW00094996 20180411 -9999    76       45       
GHCND:USW00094996 20180412 -9999    73       42       
GHCND:USW00094996 20180413 -9999    79       43       
GHCND:USW00094996 20180414 -9999    44       24       
GHCND:USW00094996 20180415 -9999    30       22       
GHCND:USW00094996 20180416 -9999    49       26       
GHCND:USW00094996 20180417 -9999    58       30       
GHCND:USW00094996 20180418 -9999    44       33       
GHCND:USW00094996 20180419 -9999    58       26       
GHCND:USW00094996 20180420 -9999    61       33       
GHCND:USW00094996 20180421 -9999    50       44       
GHCND:USW00094996 20180422 -9999    66       37       
GHCND:USW00094996 20180423 -9999    73       35       
GHCND:USW00094996 20180424 -9999    71       34       
GHCND:USW00094996 20180425 -9999    56       39       
GHCND:USW00094996 20180426 -9999    70       36       
GHCND:USW00094996 20180427 -9999    78       38       
GHCND:USW00094996 20180428 -9999    67       35       
GHCND:USW00094996 20180429 -9999    76       45       
GHCND:USW00094996 20180430 -9999    83       62       
GHCND:USW00094996 20180501 -9999    82       64       
GHCND:USW00094996 20180502 -9999    65       49       
GHCND:USW00094996 20180503 -9999    65       48       
GHCND:USW00094996 20180504 -9999    80       47       
GHCND:USW00094996 20180505 -9999    87       52       
GHCND:USW00094996 20180506 -9999    84       53       
GHCND:USW00094996 20180507 -9999    83       48       
GHCND:USW00094996 20180508 -9999    85       61       
GHCND:USW00094996 20180509 -9999    83       57       
GHCND:USW00094996 20180510 -9999    85       54       
GHCND:USW00094996 20180511 -9999    66       48       
GHCND:USW00094996 20180512 -9999    61       50       
GHCND:USW00094996 20180513 -9999    78       52       
GHCND:USW00094996 20180514 -9999    74       58       
GHCND:USW00094996 20180515 -9999    77       57       
GHCND:USW00094996 20180516 -9999    83       52       
GHCND:USW00094996 20180517 -9999    85       51       
GHCND:USW00094996 20180518 -9999    77       52       
GHCND:USW00094996 20180519 -9999    65       52       
GHCND:USW00094996 20180520 -9999    57       52       
GHCND:USW00094996 20180521 -9999    76       50       
GHCND:USW00094996 20180522 -9999    87       61       
GHCND:USW00094996 20180523 -9999    90       68       
GHCND:USW00094996 20180524 -9999    89       65       
GHCND:USW00094996 20180525 -9999    93       61       
GHCND:USW00094996 20180526 -9999    97       63       
GHCND:USW00094996 20180527 -9999    94       70       
GHCND:USW00094996 20180528 -9999    94       63       
GHCND:USW00094996 20180529 -9999    84       61       
GHCND:USW00094996 20180530 -9999    83       59       
GHCND:USW00094996 20180531 -9999    88       63       
GHCND:USW00094996 20180601 -9999    91       62       
GHCND:USW00094996 20180602 -9999    77       60       
GHCND:USW00094996 20180603 -9999    80       54       
GHCND:USW00094996 20180604 -9999    77       55       
GHCND:USW00094996 20180605 -9999    89       63       
GHCND:USW00094996 20180606 -9999    91       68       
GHCND:USW00094996 20180607 -9999    81       65       
GHCND:USW00094996 20180608 -9999    90       61       
GHCND:USW00094996 20180609 -9999    89       63       
GHCND:USW00094996 20180610 -9999    89       71       
GHCND:USW00094996 20180611 -9999    92       63       
GHCND:USW00094996 20180612 -9999    84       60       
GHCND:USW00094996 20180613 -9999    79       56       
GHCND:USW00094996 20180614 -9999    97       70       
GHCND:USW00094996 20180615 -9999    98       77       
GHCND:USW00094996 20180616 -9999    96       77       
GHCND:USW00094996 20180617 -9999    94       74       
GHCND:USW00094996 20180618 -9999    94       70       
GHCND:USW00094996 20180619 -9999    85       65       
GHCND:USW00094996 20180620 -9999    78       62       
GHCND:USW00094996 20180621 -9999    70       60       
GHCND:USW00094996 20180622 -9999    68       59       
GHCND:USW00094996 20180623 -9999    84       58       
GHCND:USW00094996 20180624 -9999    85       63       
GHCND:USW00094996 20180625 -9999    77       63       
GHCND:USW00094996 20180626 -9999    81       63       
GHCND:USW00094996 20180627 -9999    86       60       
GHCND:USW00094996 20180628 -9999    86       72       
GHCND:USW00094996 20180629 -9999    94       78       
GHCND:USW00094996 20180630 -9999    87       65       
GHCND:USW00094996 20180701 -9999    79       62       
GHCND:USW00094996 20180702 -9999    85       60       
GHCND:USW00094996 20180703 -9999    91       71       
GHCND:USW00094996 20180704 -9999    90       70       
GHCND:USW00094996 20180705 -9999    83       66       
GHCND:USW00094996 20180706 -9999    84       66       
GHCND:USW00094996 20180707 -9999    87       65       
GHCND:USW00094996 20180708 -9999    87       62       
GHCND:USW00094996 20180709 -9999    90       66       
GHCND:USW00094996 20180710 -9999    91       62       
GHCND:USW00094996 20180711 -9999    92       71       
GHCND:USW00094996 20180712 -9999    93       73       
GHCND:USW00094996 20180713 -9999    87       68       
GHCND:USW00094996 20180714 -9999    85       62       
GHCND:USW00094996 20180715 -9999    90       63       
GHCND:USW00094996 20180716 -9999    85       69       
GHCND:USW00094996 20180717 -9999    76       66       
GHCND:USW00094996 20180718 -9999    82       65       
GHCND:USW00094996 20180719 -9999    87       68       
GHCND:USW00094996 20180720 -9999    81       62       
GHCND:USW00094996 20180721 -9999    84       63       
GHCND:USW00094996 20180722 -9999    83       61       
GHCND:USW00094996 20180723 -9999    84       64       
GHCND:USW00094996 20180724 -9999    83       57       
GHCND:USW00094996 20180725 -9999    82       60       
GHCND:USW00094996 20180726 -9999    82       59       
GHCND:USW00094996 20180727 -9999    78       59       
GHCND:USW00094996 20180728 -9999    79       62       
GHCND:USW00094996 20180729 -9999    78       61       
GHCND:USW00094996 20180730 -9999    79       58       
GHCND:USW00094996 20180731 -9999    81       55       
GHCND:USW00094996 20180801 -9999    87       59       
GHCND:USW00094996 20180802 -9999    89       60       
GHCND:USW00094996 20180803 -9999    92       67       
GHCND:USW00094996 20180804 -9999    83       67       
GHCND:USW00094996 20180805 -9999    90       71       
GHCND:USW00094996 20180806 -9999    87       68       
GHCND:USW00094996 20180807 -9999    84       65       
GHCND:USW00094996 20180808 -9999    88       65       
GHCND:USW00094996 20180809 -9999    92       64       
GHCND:USW00094996 20180810 -9999    85       63       
GHCND:USW00094996 20180811 -9999    87       60       
GHCND:USW00094996 20180812 -9999    90       59       
GHCND:USW00094996 20180813 -9999    91       65       
GHCND:USW00094996 20180814 -9999    73       66       
GHCND:USW00094996 20180815 -9999    79       66       
GHCND:USW00094996 20180816 -9999    83       63       
GHCND:USW00094996 20180817 -9999    84       60       
GHCND:USW00094996 20180818 -9999    86       62       
GHCND:USW00094996 20180819 -9999    71       65       
GHCND:USW00094996 20180820 -9999    73       64       
GHCND:USW00094996 20180821 -9999    72       59       
GHCND:USW00094996 20180822 -9999    75       52       
GHCND:USW00094996 20180823 -9999    73       58       
GHCND:USW00094996 20180824 -9999    87       67       
GHCND:USW00094996 20180825 -9999    90       61       
GHCND:USW00094996 20180827 -9999    92       73       
GHCND:USW00094996 20180828 -9999    80       57       
GHCND:USW00094996 20180829 -9999    76       48       
GHCND:USW00094996 20180830 -9999    84       59       
GHCND:USW00094996 20180831 -9999    84       65       
GHCND:USW00094996 20180901 -9999    89       66       
GHCND:USW00094996 20180902 -9999    79       66       
GHCND:USW00094996 20180903 -9999    79       66       
GHCND:USW00094996 20180904 -9999    78       69       
GHCND:USW00094996 20180905 -9999    76       66       
GHCND:USW00094996 20180906 -9999    76       60       
GHCND:USW00094996 20180907 -9999    66       62       
GHCND:USW00094996 20180908 -9999    70       58       
GHCND:USW00094996 20180909 -9999    75       52       
GHCND:USW00094996 20180910 -9999    79       54       
GHCND:USW00094996 20180911 -9999    81       58       
GHCND:USW00094996 20180912 -9999    81       60       
GHCND:USW00094996 20180913 -9999    84       66       
GHCND:USW00094996 20180914 -9999    89       68       
GHCND:USW00094996 20180915 -9999    89       68       
GHCND:USW00094996 20180916 -9999    88       67       
GHCND:USW00094996 20180917 -9999    92       69       
GHCND:USW00094996 20180918 -9999    90       67       
GHCND:USW00094996 20180919 -9999    92       63       
GHCND:USW00094996 20180920 -9999    92       65       
GHCND:USW00094996 20180921 -9999    66       45       
GHCND:USW00094996 20180922 -9999    72       39       
GHCND:USW00094996 20180923 -9999    80       48       
GHCND:USW00094996 20180924 -9999    78       57       
GHCND:USW00094996 20180925 -9999    65       47       
GHCND:USW00094996 20180926 -9999    69       42       
GHCND:USW00094996 20180927 -9999    77       49       
GHCND:USW00094996 20180928 -9999    56       46       
GHCND:USW00094996 20180929 -9999    49       44       
GHCND:USW00094996 20180930 -9999    50       48       
GHCND:USW00094996 20181001 -9999    57       49       
GHCND:USW00094996 20181002 -9999    74       50       
GHCND:USW00094996 20181003 -9999    92       48       
GHCND:USW00094996 20181004 -9999    53       38       
GHCND:USW00094996 20181005 -9999    55       46       
GHCND:USW00094996 20181006 -9999    50       42       
GHCND:USW00094996 20181007 -9999    51       43       
GHCND:USW00094996 20181008 -9999    57       50       
GHCND:USW00094996 20181009 -9999    51       45       
GHCND:USW00094996 20181010 -9999    47       39       
GHCND:USW00094996 20181011 -9999    51       32       
GHCND:USW00094996 20181012 -9999    48       34       
GHCND:USW00094996 20181013 -9999    64       37       
GHCND:USW00094996 20181014 -9999    49       31       
GHCND:USW00094996 20181015 -9999    44       25       
GHCND:USW00094996 20181016 -9999    69       32       
GHCND:USW00094996 20181017 -9999    67       36       
GHCND:USW00094996 20181018 -9999    69       43       
GHCND:USW00094996 20181019 -9999    74       46       
GHCND:USW00094996 20181020 -9999    60       31       
GHCND:USW00094996 20181021 -9999    71       33       
GHCND:USW00094996 20181022 -9999    68       39       
GHCND:USW00094996 20181023 -9999    62       33       
GHCND:USW00094996 20181024 -9999    62       36       
GHCND:USW00094996 20181025 -9999    52       45       
GHCND:USW00094996 20181026 -9999    65       43       
GHCND:USW00094996 20181027 -9999    73       41       
GHCND:USW00014939 20180101 -7       4        -19      
GHCND:USW00014939 20180102 0        24       -11      
GHCND:USW00014939 20180103 20       26       1        
GHCND:USW00014939 20180104 8        21       -2       
GHCND:USW00014939 20180105 12       20       5        
GHCND:USW00014939 20180106 12       21       5        
GHCND:USW00014939 20180107 26       40       20       
GHCND:USW00014939 20180108 32       50       15       
GHCND:USW00014939 20180109 39       52       28       
GHCND:USW00014939 20180110 41       56       32       
GHCND:USW00014939 20180111 25       37       7        
GHCND:USW00014939 20180112 7        13       0        
GHCND:USW00014939 20180113 11       16       9        
GHCND:USW00014939 20180114 19       35       14       
GHCND:USW00014939 20180115 15       23       0        
GHCND:USW00014939 20180116 4        17       -2       
GHCND:USW00014939 20180117 12       30       -1       
GHCND:USW00014939 20180118 24       42       13       
GHCND:USW00014939 20180119 37       52       25       
GHCND:USW00014939 20180120 34       51       19       
GHCND:USW00014939 20180121 40       41       37       
GHCND:USW00014939 20180122 34       37       26       
GHCND:USW00014939 20180123 26       31       20       
GHCND:USW00014939 20180124 26       44       11       
GHCND:USW00014939 20180125 32       52       18       
GHCND:USW00014939 20180126 46       54       35       
GHCND:USW00014939 20180127 36       48       21       
GHCND:USW00014939 20180128 26       31       13       
GHCND:USW00014939 20180129 18       31       9        
GHCND:USW00014939 20180130 31       50       18       
GHCND:USW00014939 20180131 41       49       27       
GHCND:USW00014939 20180201 24       35       8        
GHCND:USW00014939 20180202 17       37       4        
GHCND:USW00014939 20180203 38       53       25       
GHCND:USW00014939 20180204 18       25       -1       
GHCND:USW00014939 20180205 9        20       0        
GHCND:USW00014939 20180206 8        12       -4       
GHCND:USW00014939 20180207 8        20       -6       
GHCND:USW00014939 20180208 21       29       15       
GHCND:USW00014939 20180209 18       22       8        
GHCND:USW00014939 20180210 8        11       2        
GHCND:USW00014939 20180211 11       24       0        
GHCND:USW00014939 20180212 9        21       -3       
GHCND:USW00014939 20180213 26       42       19       
GHCND:USW00014939 20180214 32       47       21       
GHCND:USW00014939 20180215 39       46       23       
GHCND:USW00014939 20180216 24       34       12       
GHCND:USW00014939 20180217 33       50       23       
GHCND:USW00014939 20180218 40       58       25       
GHCND:USW00014939 20180219 30       34       20       
GHCND:USW00014939 20180220 19       22       9        
GHCND:USW00014939 20180221 15       27       4        
GHCND:USW00014939 20180222 25       31       22       
GHCND:USW00014939 20180223 28       34       16       
GHCND:USW00014939 20180224 25       32       22       
GHCND:USW00014939 20180225 31       49       19       
GHCND:USW00014939 20180226 38       59       20       
GHCND:USW00014939 20180227 46       65       26       
GHCND:USW00014939 20180228 36       48       25       
GHCND:USW00014939 20180301 37       51       21       
GHCND:USW00014939 20180302 38       61       21       
GHCND:USW00014939 20180303 53       73       42       
GHCND:USW00014939 20180304 57       70       47       
GHCND:USW00014939 20180305 48       54       34       
GHCND:USW00014939 20180306 33       36       27       
GHCND:USW00014939 20180307 30       38       19       
GHCND:USW00014939 20180308 27       46       12       
GHCND:USW00014939 20180309 38       53       28       
GHCND:USW00014939 20180310 40       54       28       
GHCND:USW00014939 20180311 36       38       31       
GHCND:USW00014939 20180312 35       52       22       
GHCND:USW00014939 20180313 35       50       20       
GHCND:USW00014939 20180314 40       69       20       
GHCND:USW00014939 20180315 47       68       27       
GHCND:USW00014939 20180316 44       49       33       
GHCND:USW00014939 20180317 36       41       34       
GHCND:USW00014939 20180318 39       43       36       
GHCND:USW00014939 20180319 39       45       34       
GHCND:USW00014939 20180320 38       42       29       
GHCND:USW00014939 20180321 38       56       22       
GHCND:USW00014939 20180322 52       68       42       
GHCND:USW00014939 20180323 50       58       43       
GHCND:USW00014939 20180324 42       43       34       
GHCND:USW00014939 20180325 35       40       32       
GHCND:USW00014939 20180326 40       41       38       
GHCND:USW00014939 20180327 42       54       33       
GHCND:USW00014939 20180328 43       59       30       
GHCND:USW00014939 20180329 42       50       33       
GHCND:USW00014939 20180330 42       61       25       
GHCND:USW00014939 20180331 46       54       26       
GHCND:USW00014939 20180401 27       33       19       
GHCND:USW00014939 20180402 25       33       18       
GHCND:USW00014939 20180403 33       39       19       
GHCND:USW00014939 20180404 26       48       14       
GHCND:USW00014939 20180405 43       65       25       
GHCND:USW00014939 20180406 32       40       16       
GHCND:USW00014939 20180407 24       42       10       
GHCND:USW00014939 20180408 36       48       29       
GHCND:USW00014939 20180409 37       40       24       
GHCND:USW00014939 20180410 40       68       21       
GHCND:USW00014939 20180411 56       77       39       
GHCND:USW00014939 20180412 60       73       38       
GHCND:USW00014939 20180413 67       82       45       
GHCND:USW00014939 20180414 40       49       25       
GHCND:USW00014939 20180415 27       33       23       
GHCND:USW00014939 20180416 35       51       27       
GHCND:USW00014939 20180417 42       60       29       
GHCND:USW00014939 20180418 42       47       34       
GHCND:USW00014939 20180419 42       60       24       
GHCND:USW00014939 20180420 48       63       31       
GHCND:USW00014939 20180421 51       53       44       
GHCND:USW00014939 20180422 51       68       34       
GHCND:USW00014939 20180423 56       75       34       
GHCND:USW00014939 20180424 53       73       36       
GHCND:USW00014939 20180425 49       59       38       
GHCND:USW00014939 20180426 52       71       34       
GHCND:USW00014939 20180427 57       81       31       
GHCND:USW00014939 20180428 53       68       32       
GHCND:USW00014939 20180429 61       77       49       
GHCND:USW00014939 20180430 71       85       61       
GHCND:USW00014939 20180501 74       84       65       
GHCND:USW00014939 20180502 62       68       48       
GHCND:USW00014939 20180503 56       67       48       
GHCND:USW00014939 20180504 64       82       48       
GHCND:USW00014939 20180505 65       87       44       
GHCND:USW00014939 20180506 68       86       48       
GHCND:USW00014939 20180507 67       84       43       
GHCND:USW00014939 20180508 75       86       65       
GHCND:USW00014939 20180509 73       86       57       
GHCND:USW00014939 20180510 70       86       55       
GHCND:USW00014939 20180511 63       68       49       
GHCND:USW00014939 20180512 57       62       51       
GHCND:USW00014939 20180513 60       79       53       
GHCND:USW00014939 20180514 65       78       59       
GHCND:USW00014939 20180515 68       80       55       
GHCND:USW00014939 20180516 69       86       52       
GHCND:USW00014939 20180517 72       86       53       
GHCND:USW00014939 20180518 71       79       56       
GHCND:USW00014939 20180519 62       65       52       
GHCND:USW00014939 20180520 56       58       53       
GHCND:USW00014939 20180521 60       78       53       
GHCND:USW00014939 20180522 72       88       59       
GHCND:USW00014939 20180523 78       91       66       
GHCND:USW00014939 20180524 79       90       67       
GHCND:USW00014939 20180525 79       97       64       
GHCND:USW00014939 20180526 83       100      65       
GHCND:USW00014939 20180527 84       97       66       
GHCND:USW00014939 20180528 83       95       66       
GHCND:USW00014939 20180529 74       87       65       
GHCND:USW00014939 20180530 72       87       62       
GHCND:USW00014939 20180531 78       92       63       
GHCND:USW00014939 20180601 81       93       64       
GHCND:USW00014939 20180602 75       81       57       
GHCND:USW00014939 20180603 71       83       52       
GHCND:USW00014939 20180604 68       78       55       
GHCND:USW00014939 20180605 74       91       60       
GHCND:USW00014939 20180606 81       94       70       
GHCND:USW00014939 20180607 76       84       68       
GHCND:USW00014939 20180608 77       91       63       
GHCND:USW00014939 20180609 81       92       65       
GHCND:USW00014939 20180610 83       92       73       
GHCND:USW00014939 20180611 83       94       68       
GHCND:USW00014939 20180612 75       86       62       
GHCND:USW00014939 20180613 73       83       60       
GHCND:USW00014939 20180614 82       99       69       
GHCND:USW00014939 20180615 89       101      78       
GHCND:USW00014939 20180616 89       99       78       
GHCND:USW00014939 20180617 85       94       76       
GHCND:USW00014939 20180618 84       97       73       
GHCND:USW00014939 20180619 77       88       67       
GHCND:USW00014939 20180620 70       80       63       
GHCND:USW00014939 20180621 66       73       61       
GHCND:USW00014939 20180622 65       72       60       
GHCND:USW00014939 20180623 70       88       61       
GHCND:USW00014939 20180624 77       89       64       
GHCND:USW00014939 20180625 73       79       64       
GHCND:USW00014939 20180626 71       85       64       
GHCND:USW00014939 20180627 77       90       62       
GHCND:USW00014939 20180628 83       93       75       
GHCND:USW00014939 20180629 88       99       80       
GHCND:USW00014939 20180630 84       90       66       
GHCND:USW00014939 20180701 73       82       65       
GHCND:USW00014939 20180702 76       89       62       
GHCND:USW00014939 20180703 83       96       71       
GHCND:USW00014939 20180704 86       94       70       
GHCND:USW00014939 20180705 77       85       68       
GHCND:USW00014939 20180706 77       87       66       
GHCND:USW00014939 20180707 79       91       68       
GHCND:USW00014939 20180708 78       90       64       
GHCND:USW00014939 20180709 80       94       66       
GHCND:USW00014939 20180710 81       95       64       
GHCND:USW00014939 20180711 85       96       73       
GHCND:USW00014939 20180712 87       97       73       
GHCND:USW00014939 20180713 82       88       70       
GHCND:USW00014939 20180714 76       89       64       
GHCND:USW00014939 20180715 79       94       64       
GHCND:USW00014939 20180716 79       90       70       
GHCND:USW00014939 20180717 75       80       68       
GHCND:USW00014939 20180718 75       85       66       
GHCND:USW00014939 20180719 80       90       70       
GHCND:USW00014939 20180720 77       85       64       
GHCND:USW00014939 20180721 76       87       63       
GHCND:USW00014939 20180722 76       87       64       
GHCND:USW00014939 20180723 78       89       64       
GHCND:USW00014939 20180724 74       88       58       
GHCND:USW00014939 20180725 72       85       59       
GHCND:USW00014939 20180726 75       86       62       
GHCND:USW00014939 20180727 71       84       58       
GHCND:USW00014939 20180728 71       79       64       
GHCND:USW00014939 20180729 72       81       62       
GHCND:USW00014939 20180730 71       82       60       
GHCND:USW00014939 20180731 69       86       57       
GHCND:USW00014939 20180801 74       90       57       
GHCND:USW00014939 20180802 77       92       63       
GHCND:USW00014939 20180803 81       95       67       
GHCND:USW00014939 20180804 78       87       69       
GHCND:USW00014939 20180805 80       93       70       
GHCND:USW00014939 20180806 78       89       69       
GHCND:USW00014939 20180807 76       88       66       
GHCND:USW00014939 20180808 78       91       64       
GHCND:USW00014939 20180809 81       96       63       
GHCND:USW00014939 20180810 78       89       64       
GHCND:USW00014939 20180811 76       90       62       
GHCND:USW00014939 20180812 78       93       61       
GHCND:USW00014939 20180813 80       92       68       
GHCND:USW00014939 20180814 74       76       68       
GHCND:USW00014939 20180815 72       84       68       
GHCND:USW00014939 20180816 75       86       65       
GHCND:USW00014939 20180817 75       87       62       
GHCND:USW00014939 20180818 76       89       64       
GHCND:USW00014939 20180819 73       74       67       
GHCND:USW00014939 20180820 68       75       65       
GHCND:USW00014939 20180821 69       75       59       
GHCND:USW00014939 20180822 66       77       55       
GHCND:USW00014939 20180823 67       74       61       
GHCND:USW00014939 20180824 76       90       68       
GHCND:USW00014939 20180825 76       92       61       
GHCND:USW00014939 20180826 80       89       74       
GHCND:USW00014939 20180827 83       93       74       
GHCND:USW00014939 20180828 76       82       56       
GHCND:USW00014939 20180829 63       78       50       
GHCND:USW00014939 20180830 71       85       63       
GHCND:USW00014939 20180831 75       85       67       
GHCND:USW00014939 20180901 81       91       68       
GHCND:USW00014939 20180902 78       81       68       
GHCND:USW00014939 20180903 78       81       71       
GHCND:USW00014939 20180904 73       79       71       
GHCND:USW00014939 20180905 73       79       66       
GHCND:USW00014939 20180906 69       77       61       
GHCND:USW00014939 20180907 67       68       63       
GHCND:USW00014939 20180908 65       74       60       
GHCND:USW00014939 20180909 65       76       52       
GHCND:USW00014939 20180910 67       80       55       
GHCND:USW00014939 20180911 69       83       57       
GHCND:USW00014939 20180912 71       83       59       
GHCND:USW00014939 20180913 74       84       66       
GHCND:USW00014939 20180914 77       91       68       
GHCND:USW00014939 20180915 78       91       66       
GHCND:USW00014939 20180916 77       90       65       
GHCND:USW00014939 20180917 78       95       66       
GHCND:USW00014939 20180918 79       92       68       
GHCND:USW00014939 20180919 77       95       65       
GHCND:USW00014939 20180920 83       96       66       
GHCND:USW00014939 20180921 64       67       47       
GHCND:USW00014939 20180922 55       73       41       
GHCND:USW00014939 20180923 63       81       47       
GHCND:USW00014939 20180924 65       79       54       
GHCND:USW00014939 20180925 62       67       44       
GHCND:USW00014939 20180926 56       71       41       
GHCND:USW00014939 20180927 61       79       47       
GHCND:USW00014939 20180928 53       57       48       
GHCND:USW00014939 20180929 49       50       45       
GHCND:USW00014939 20180930 50       52       49       
GHCND:USW00014939 20181001 52       58       50       
GHCND:USW00014939 20181002 56       75       51       
GHCND:USW00014939 20181003 77       94       48       
GHCND:USW00014939 20181004 50       55       38       
GHCND:USW00014939 20181005 51       55       47       
GHCND:USW00014939 20181006 48       52       44       
GHCND:USW00014939 20181007 47       52       44       
GHCND:USW00014939 20181008 53       58       51       
GHCND:USW00014939 20181009 52       53       47       
GHCND:USW00014939 20181010 -9999    48       40       
GHCND:USW00014939 20181011 -9999    53       34       
GHCND:USW00014939 20181012 44       48       35       
GHCND:USW00014939 20181013 46       66       33       
GHCND:USW00014939 20181014 42       50       32       
GHCND:USW00014939 20181015 36       46       29       
GHCND:USW00014939 20181016 44       71       29       
GHCND:USW00014939 20181017 50       69       34       
GHCND:USW00014939 20181018 55       71       38       
GHCND:USW00014939 20181019 60       76       43       
GHCND:USW00014939 20181020 51       61       30       
GHCND:USW00014939 20181021 46       73       27       
GHCND:USW00014939 20181022 54       70       37       
GHCND:USW00014939 20181023 47       63       32       
GHCND:USW00014939 20181024 48       60       33       
GHCND:USW00014939 20181025 54       53       46       
GHCND:USW00014939 20181026 -9999    67       41       
GHCND:USW00014939 20181027 -9999    74       35       
